Scan-X;Line 1;Line 2;Line 3;Line 4;Line 5;Line 6;Line 7;Line 8;Line 9
-0.146;;;;;;;75.0;;
-0.125;;;;;;81.8;;;
-0.064;;;;;;74.1;;;
0.015;;;;;;;77.3;;
0.021;62.1;;;;;;;;
0.04;;;;;;54.0;;;
0.11;;67.9;;;;;;;
0.116;;;;53.4;;68.0;;;
0.125;;;60.3;;;;;;
0.134;;;;;;;59.1;;
0.165;;;;;70.9;;;;
0.229;;;;56.4;;;;;
0.235;;66.9;;;;;;;
0.244;;;;;;50.1;;;
0.271;59.9;;;;;;84.6;;
0.314;;;;55.1;;;;;
0.32;;;67.8;;;;;;
0.329;;66.4;;;;;;;
0.357;;;;;;67.0;;;
0.369;;;;;;;59.5;;
0.405;;;54.6;;;;;;
0.408;;;;;72.2;;;;
0.436;82.6;;;;;;;;
0.451;;;;;;;64.9;;
0.494;;68.0;;;;;;;
0.539;56.9;;;;;;;;
0.573;;;72.5;;;;;;
0.597;;61.2;;;;;;;
0.6;;;;;;60.6;;;
0.603;;;;;;;;;55.2
0.637;;;64.4;;;;;;
0.661;;;;;67.3;;;;
0.664;;;;;;;61.4;;
0.68;;;;;;;;49.8;
0.707;78.8;;;;;;;;
0.731;;;;;;81.0;;;
0.75;;;;;;;;;81.1
0.771;;;;;;84.7;;;
0.78;;63.3;73.4;;;;;;
0.789;;;;;;;82.5;;
0.814;;;;75.1;;;;;
0.841;;;;;;;;73.5;
0.853;;;;;;52.9;;;
0.896;;;;;74.0;;;;57.0
0.914;52.1;;;;;;;;
0.929;;;;;;;65.6;;
0.932;;;;;;;;55.9;
0.936;;;;76.4;;;;;
0.972;;59.1;;;;;;;
0.975;;;;;;79.4;;;
1.009;;;;;;75.5;;;
1.012;;;47.5;;;;;;
1.015;;;;;65.3;;;;
1.045;;;;;;70.4;;;
1.115;;;;;;51.4;;;
1.124;57.1;;;;;;;;
1.149;;;;;;;;;60.3
1.185;;;;80.2;;;;;
1.201;;;;;;;;57.2;
1.207;;54.6;;;;;;;
1.21;;;;;;;60.9;;
1.246;;;;;;74.5;;;
1.259;;;48.2;;;;;;
1.298;;;;;;;;;83.5
1.304;;;;;71.1;;;;
1.362;;;;;;53.0;;;
1.371;;72.3;;;;;;;
1.423;45.8;;;;;;;;
1.426;;;;;;;;;56.1
1.438;;;;79.6;;;;;
1.447;;;;;;;;63.3;
1.451;;64.7;;;;;;;
1.457;;;;;;;66.5;;
1.518;83.8;;;;;;;;
1.53;;;62.0;;;;;;
1.554;86.3;;;;;;;;
1.56;;;;;72.1;;;;
1.591;80.2;;;;;;;;
1.612;;76.3;;;;55.2;;;
1.615;;;;;;;85.9;;
1.652;;;79.9;76.8;;;;;
1.682;;;;;;;;;63.9
1.71;;;;;;;;62.7;
1.719;53.5;;;;;;64.3;;
1.746;;;;;;82.0;;;
1.777;;61.0;;;;;;;
1.807;;;;;72.2;;;;
1.816;79.2;;;;;;;;
1.844;;;47.9;;;48.8;;;
1.886;;;;80.2;;;;;
1.911;;;;79.4;;;;;
1.914;;;70.1;;;;;;
4.315;61.9;65.1;;;;;57.0;;
4.321;;;;;;56.5;;;
4.391;;;;;61.5;;;;
4.406;;;;56.8;;;;;
4.413;;;32.0;;;;;;
4.416;;;;;;;64.4;;
4.428;;;;;;;;62.3;
4.48;;;;;;58.4;;;
4.498;;;64.1;;;;;;
4.507;;;;;;;;;53.9
4.544;57.6;;;;;;;;
4.577;;;;;56.7;;;;
4.58;;63.2;;;;;;;
4.605;;;;;;67.8;;;
4.641;;;;;;;;;61.2
4.644;;;;;;;71.4;;
4.65;;;;55.5;;;;64.8;
4.653;;;56.6;;;;;;
4.669;;;;;;;;;61.3
4.702;;;;;66.9;;;;
4.711;;82.2;;;;;;;
4.736;;;;;;;78.0;;
4.748;;;;;;;;;64.2
4.757;;;;;;58.5;;;
4.8;;;;;;;;55.7;
4.815;62.1;;;;;;;;
4.824;;;;58.5;;;;;
4.83;;;78.8;;;;;;
4.833;;66.2;;;56.9;;;;
4.873;;;;;;;;;62.4
4.882;;;;;;;67.0;;
4.897;;;;55.1;;;;;
4.937;;;;;;78.4;;;
4.94;;;;;64.5;;;;
4.982;;;;;;;74.5;;
4.989;;;49.6;;;;;;
4.998;;;;58.9;;;;;
5.062;;;;;;54.0;;;
5.065;60.8;;;;;;;;
5.074;;69.0;;;;;;;
5.08;;;;;57.9;;;;
5.129;;;;;;;71.0;;
5.147;;;;;;;;;62.0
5.159;;;;56.8;;;;;
5.162;;;;;;;;64.2;
5.174;;77.8;35.7;;;59.3;;;
5.187;;;;;64.4;;;;
5.251;;;64.4;;;;;;
5.269;;;;;;;77.2;;
5.281;;;72.2;;;;;;
5.296;59.9;;;;;;;;
5.312;;;;;;69.6;;;
5.318;;62.6;75.0;;;;;;
5.336;;;;60.6;;;;;
5.348;;;;;59.3;;;;
5.366;;;;;;;;;61.5
5.372;;;;;;;71.8;;
5.397;;;;;;;;64.7;
5.412;;;;54.6;;;;;
5.418;;;;;;46.1;;;
5.427;;;50.8;;;;;;
5.461;;;;;64.8;;;;
5.479;;80.0;;;;;;;
5.497;;;;57.4;;;;;
5.513;;;;;;;75.9;;
5.537;;;76.0;;;;;;
5.574;;;;;59.5;;;;
5.577;;;;;;69.3;;;
5.58;54.4;;;;;;;;
5.589;;;;59.9;;;;66.9;
5.598;;;;;;;69.9;;
5.601;;;;;;69.2;;;
5.613;;;;;;;;;61.1
5.638;;62.8;;;;;;;
5.662;;;;53.7;;;;;
5.683;;;;;64.8;;;;
5.723;;;41.4;;;;;;62.0
5.747;;;;;;52.9;;;
5.75;;;;;;;79.4;;
5.799;;;;53.6;;;;;
5.811;;;67.8;;;;;;
5.839;55.4;;;;;;;;
5.842;;;73.5;;;;;;
5.845;;66.7;;;;;;;
5.848;;;;;59.5;;;;
5.863;;;;;;;;;59.8
5.872;;;75.9;;;;;;
5.878;;;;;;;73.9;;
5.891;;;;;;;;65.0;
5.906;;;;52.7;;;;;
5.93;;;;;;58.1;;;
5.964;60.2;;;;;;;;
5.994;;;;;;;74.6;;
5.997;;;50.6;;;;;;
6.067;;;;;60.1;;;;
6.073;;;;;;;;;60.0
6.076;;;;;;69.7;;;
6.086;55.4;;;;;;;;
6.092;;68.0;;;;;;;
6.119;;;;;;;74.1;;
6.125;;;;;;;;61.7;
6.14;;;;54.4;;;;;
6.192;;;42.4;;;;;;
6.21;;;;;;86.3;;;
6.247;60.7;;;;;;76.0;;
6.265;;;;;;;;68.9;
6.299;;;82.5;;;;;;
6.305;;;;62.1;;;;;
6.323;;;;;;;;;58.1
6.329;;;;;;81.3;;;
6.335;;;;;57.2;;;64.6;
6.384;;;;;;;68.7;;
6.387;;;;62.5;;;;;
6.393;56.0;;;;;;;;
6.406;;;;;;;;62.3;
6.415;;70.9;;;;;;;
6.439;;;;;69.4;;;;
6.482;;;;;70.9;;;;
6.485;;;;63.4;;;;;
6.488;;;;;;;;64.2;
6.509;;;;;;;85.5;;
6.512;;;;;71.5;;;;
6.546;;;;;71.9;;;;
6.576;;;42.5;;;;;;55.4
6.585;56.7;;;;;;;;
6.604;;66.5;;;;;;;
6.616;;;;;71.7;;;59.6;
6.665;;;;60.4;;;;;
6.68;;;;;;;;;67.1
6.695;54.8;;;;;;;;
6.704;;;;;;70.4;;;
6.707;;64.9;;;;;;;
6.71;;;;;;;79.1;;
6.738;;;;60.1;;;;;
6.756;;;;;;;;58.2;
6.768;;;;;;;;;66.7
6.771;;;;;;70.0;;;
6.808;;;;59.7;;;;;
6.829;;;;;;;70.2;;
6.863;;;;;;69.4;;;
6.866;;;;;;;;62.6;
6.921;;;;58.5;;;;;
6.924;55.6;;;;;;;;
6.927;;;;;;70.5;;;
6.945;;67.2;;;;;;;
6.957;;;;;;70.6;;;
6.966;;;;;;;;66.1;
6.985;;;56.5;;;;;;
6.988;;;;;63.8;;;;
7.0;;;;;;;66.0;;
7.006;;;;;;;;;55.4
7.015;57.0;;;;;;;;
7.052;;;;;;;67.6;;
7.073;;68.0;;;;;;;
7.094;;;;;;;;65.3;
7.106;44.7;;;;;79.3;;;
7.128;;;;;;;;;70.0
7.146;;72.0;;60.9;;;;;
7.155;;;71.2;;;;;;
7.161;;;;;;;;;71.3
7.17;;;;;63.2;;;;
7.21;;;;;63.7;;;;
7.231;62.3;;;;;;;;
7.234;;;;63.3;;;;;
7.247;;;;;;;72.3;;
7.274;;;49.7;;;;;;
7.317;;;;;;80.6;;;
7.32;;;;64.6;;;;;
7.329;47.7;;;;;;;;
7.335;;;;;;;;;63.3
7.372;;;;;;;77.7;;
7.396;;;;65.2;;;;;
7.399;;58.6;;;;;;;
7.432;;;;66.0;;;;;
7.436;;;;;;48.4;;;
7.451;;;;;;;;64.9;
7.472;;;;64.4;;;;;
7.475;;;;;;;84.9;;
7.496;42.8;;;;;;;;
7.5;;63.2;;;;;;;
7.521;;;;;;;;63.0;
7.524;;;54.0;;;;;;
7.53;;;;;74.1;;;;
7.536;;;;58.6;;;;;
7.573;;;;;;;;;63.4
7.594;;;;;;;;61.3;
7.618;;;;60.6;;;;;
7.652;;;86.3;;;;;;
7.664;;;;;;75.6;;;
7.704;;;;;;;55.3;;
7.71;57.7;;;;;;;;
7.755;;;;;;42.9;;;
7.759;;;86.4;;;;;;
7.774;;;;;66.8;;76.4;;32.8
7.789;;;;57.3;;;;;
7.795;48.4;58.0;;;;;;;
7.826;;;;;;;;59.3;
7.838;;;;;;;;;19.8
7.853;;;;;;74.9;;;
7.859;;;;58.3;;;;;
7.88;;;61.2;;;;;;
7.926;;;;;;;61.1;;
7.929;;;;;66.8;;;;
7.954;;;;;;41.9;;;
7.969;;;;;;;;;63.4
7.978;;;85.5;;;;;;
8.027;;;;;;;;;67.8
8.036;;;;58.6;;;;;
8.054;;57.2;;;;;;57.6;
8.069;50.5;;;;;;;;
8.088;;;;;;;;;67.3
8.091;;;;;64.7;;;;
8.133;;;;;;72.7;;;
8.139;;;;60.8;;;;;
8.152;;;55.3;;;;60.4;;
8.225;;;;;;36.9;;;
8.255;;62.4;;;;;;;
8.258;;;;;72.2;;;;
8.27;;;;59.0;;;;;
8.283;48.9;;;;;;;;
8.286;;;;;;;;;68.7
8.307;;;;59.4;;;;58.5;
8.383;;;35.6;;;;;;66.8
8.386;;;;;;72.2;;;
8.402;;;;;73.2;;;;
8.411;;;;;;;64.0;;
8.42;;;;;;;;65.8;
8.447;;;;;;;;65.8;
8.499;;;;;;39.1;;;
8.514;;;;;;;;62.2;68.4
8.52;;;;58.1;;;;;
8.533;;62.6;;;;;;;
8.539;;;;;72.3;;;;
8.545;;;80.5;;;;;;
8.551;41.3;;;;;;;;
8.594;;;;;;;76.5;;
8.612;;;;;;;;60.2;
8.651;65.6;;;;;73.2;;;66.5
8.658;;;52.7;;76.1;;;;
8.694;;;;;;;65.6;;
8.725;;;;;;;;61.2;
8.761;;;;;;41.0;;;
8.776;;56.7;;;;;;;
8.779;;;;59.2;;;;;
8.782;51.9;;;;;;;;
8.792;;;;;72.2;;;;
8.813;;;;;;;73.7;;
8.834;;;;;;;;;64.6
8.868;;;;;;74.3;;59.3;
8.877;63.8;;;;;;;;
8.889;;;34.6;;;;;;
8.91;;;;59.8;;;;;
8.938;;;;;73.0;;;;
8.962;;;;;;;65.9;;
8.965;;;;;;33.4;;;
8.984;;;73.9;;;;;;
8.996;;;;56.1;;;;;
9.035;51.6;;;;;;;;
9.054;;57.7;;;;;;;
9.072;;;;;;;;58.6;
9.081;;;;;;;;;57.5
9.09;;;;;69.2;;;;
9.142;;;;55.2;;;;;
9.145;;;;;68.7;;;;
9.16;;;;;;;63.5;;
9.173;;;23.8;;;;;;
9.209;;;;;;32.5;;;
9.24;;;;;;;86.4;;
9.249;;;;;;;;;60.2
9.255;;44.4;;;;;;;
9.273;;;;52.1;;;;;
9.285;;;;;;;;59.3;
9.343;;39.7;;;;;;;
9.361;26.3;;;;;;;;
9.383;;;27.0;;;;;;
9.392;;;;;65.8;34.4;;;
9.398;;;;;;;63.9;;49.1
9.441;;;;47.1;;;;;
9.468;;;;;;;;61.5;
9.471;;;45.8;;;;;;
9.483;;;;;69.5;;;;
9.486;;59.5;;;;;;;
9.529;;;;;;54.8;;;
9.538;54.8;;;;;;;;
9.553;;;46.3;;;;;;
9.566;;;;;;;63.7;;
9.599;;;;;;;;;61.7
9.602;;;;;;;;47.5;
9.611;75.7;75.3;;;;;;;
9.66;;;;74.3;;;;;
9.666;;;;;;57.0;;;
9.678;;;;;54.7;;;;
9.706;;;75.6;;;;;;
9.712;;;;;;;49.7;;
9.721;;;;;;;;62.7;
9.739;;;;83.3;;;;;
9.782;;;;;;;;;58.7
9.819;;58.4;;;;;;;
9.831;;;;;;;57.9;;
9.84;50.3;;;;;;;;
9.843;;;;72.8;;;;;
9.861;;;;;;;;79.5;
9.876;;;;;74.2;51.0;;;
9.895;;;;74.2;;;;;
9.953;;;;;;;;62.4;
9.971;;;;;;;;;56.7
9.98;;;;;;;;62.6;
9.986;;;54.9;;;;;;
10.075;;;;;;;69.3;;
10.078;;;;;;79.9;;;
10.099;;56.6;;;;;;;
10.108;;;;72.4;;;;;
10.117;49.2;;;;;;;;
10.135;;;;;73.0;;;;
10.178;;;;;;52.4;;63.2;
10.209;72.8;;;;;;;;
10.212;;;;;;;;;49.8
10.221;;;47.8;80.9;;;;;
10.239;73.8;;;;;;;;
10.263;;;;;86.0;;;;
10.279;;;;;;;;67.4;
10.297;;;80.4;;;;;;
10.309;;;;;;;70.6;;
10.327;;;85.5;;;;;;59.5
10.34;;;;75.4;;;;;
10.352;52.1;47.7;;;;;;;
10.364;;;;;;;;;59.1
10.382;;;;;75.2;53.2;;;
10.398;;;;;;;73.4;;
10.41;;;;75.4;;;;;
10.428;;;;;;;;61.6;
10.489;;;42.7;;;;;;
10.519;;;;;;77.4;;;
10.535;;;;;;;;;53.4
10.538;;;;;;;64.9;;
10.544;;;;;;;;68.5;
10.614;;54.1;;;;;;;
10.623;56.7;;;;;;;;
10.629;;;;;;43.9;;;
10.644;;;;;75.3;;;;
10.66;;;;75.9;;;70.4;;
10.696;;;;;;;;58.4;
10.736;;;43.1;;;;;;
10.754;;;;;85.8;;;;
10.815;;79.0;;;;;;;
10.83;;;;;;;;;52.3
10.855;;;85.0;;;;;;
10.864;;;;;;;62.3;;
10.873;74.5;;;;;;;;
10.888;;;;;72.2;;;;
10.919;;;;;;;;84.8;
10.94;76.3;;;;;;;;
10.958;;;82.3;;;;;;
10.967;;;;;;49.2;;;
11.044;;57.4;;;;;;;
11.053;;;;;;;;54.8;
11.077;62.0;;;;;;;;
11.08;;;;77.7;;;;;
11.129;;;;;74.1;;;;
11.132;;;54.9;75.8;;;;;
11.15;;;;;;;;;53.7
11.156;;;;;;;58.8;;
11.217;;;;;;49.1;;;
11.278;;;;;64.9;;;;
11.293;;;;;;;85.7;;
11.303;;;;;;;;55.4;
11.318;;60.8;;;;;;;
11.33;60.9;;;;;;;;
11.339;;;;;;;;;58.3
11.345;;;;69.5;;;;;
11.351;;;;;;80.9;;;
11.382;;;;;72.8;;;;
11.418;;;;;;;60.0;;
11.44;;;;;;58.3;;;
11.449;;;54.7;;;;;;50.3
11.501;;;;;;;;73.5;
11.507;;44.7;;;;;;;
11.534;;;;;;;86.3;;
11.543;39.6;;;;;;;;
11.546;;;;;;;;;45.1
11.583;;;;;73.6;19.8;;;
11.598;;;;53.0;;;;;
11.671;;;17.3;;;;;;
11.708;;86.4;;;;;;;54.2
11.711;75.0;;;;;;;;
11.738;;;;;;;;50.3;
11.741;;;;55.0;;;;;
11.76;;;49.5;;;;;;
11.772;;;;;;44.1;;;
11.802;;61.5;;;;;;;
11.815;;;69.6;;52.8;;;;
11.83;62.3;;;;;;;;
11.842;;;;;;;53.0;;
11.851;;;;;;56.7;;;
11.863;;;;;;;;;55.9
11.879;;;;;;;;63.6;
11.882;;;;;;57.3;;;
11.885;;;51.8;;;;;;
11.888;;;;59.0;;;;;
11.936;;;;;;;;;55.4
11.952;;;;;;66.7;;;
11.976;;;;;;;71.5;;
11.985;;;;;;66.1;;;
11.991;;;;56.9;;;;;
11.994;;;;;55.8;;;;
12.022;;;76.4;;;;;;
12.04;57.5;61.5;;;;;;;
12.046;;;;;;;;71.6;
12.052;;;;;;41.7;;;
12.08;;;;;;;;;57.7
12.086;;;;;60.4;;;;
12.131;;;48.4;;;;;64.5;
12.138;;;;;;58.7;;;
12.141;;;;59.7;;;;;
12.168;;;;;;;74.9;;
12.171;;;;;;;;;55.4
12.229;;;;59.2;;;;;
12.235;;;;;61.3;;;;
12.244;;;;;;;74.3;;
12.281;;;;;;;;;61.4
12.293;;61.8;;;;51.8;;;
12.302;61.7;;;;;;;;
12.323;61.8;;;;;;;;
12.333;;;54.7;;;;;;
12.339;;;;;63.0;;;;
12.378;;;;;;;;62.6;
12.387;;;;;;;74.7;;
12.4;;;;65.2;;;;;57.3
12.424;;;;;;;74.6;;
12.439;76.4;;;;;;;;
12.473;;;;63.2;;;;;
12.482;;;;;64.6;;;;
12.488;;;;;;;70.3;;
12.491;;;;;;52.7;;;
12.528;;;78.3;;;;;;
12.537;;65.6;;;;;;;
12.57;63.9;;;;;;;;
12.579;;;;;;;;;59.0
12.582;;;;;;;;61.5;
12.616;;;;66.9;67.8;;;;
12.643;;;67.8;;;;;;
12.665;;;;65.1;;;;;
12.698;;;;;;;70.7;;
12.707;;;;64.1;;;;;
12.71;;;;;;;;;67.3
12.717;;;;;;57.5;;;
12.738;;;;;71.1;;;;
12.805;;72.9;;;;;;63.2;
12.829;;;;;;;;;55.5
12.832;;;;66.1;;;;;
12.848;63.3;;;;;;;;
12.887;;;;65.0;;;;;
12.896;;;65.3;;72.3;;;;
12.918;;;;;;;73.5;;
12.957;;;;63.4;;;;;
12.976;;;;;;58.3;;;
12.982;;;;;72.8;;;;
13.027;;;;;;;;61.7;
13.043;;;;63.1;;;;;
13.049;;;87.6;;;;;;
13.064;;64.9;;;;;;;
13.091;58.2;;;;;;;;62.2
13.101;;;;;71.1;;;;
13.122;;;;;;;74.8;;
13.125;;;;63.1;;;;;
13.171;;;56.1;;;;;;
13.177;;;;63.0;;;;;
13.216;;;;;;;84.6;;
13.232;;;;;69.6;;;;
13.247;;;;63.0;;;85.3;;
13.253;;;;;;57.0;;;
13.289;;72.0;;;;;;;
13.302;;;;63.6;;;;63.5;
13.308;60.7;;;;;;;;
13.32;;;;;70.9;;;;
13.35;;;;;;;;;62.1
13.378;;;;;70.4;;;;
13.381;;;51.7;;;;;;
13.399;;;;;;;77.7;;
13.405;;;51.8;;;;;;
13.427;;;;66.0;;;;;
13.442;;;;;71.1;;;;
13.469;;;;66.0;;;;;
13.481;;;;;71.9;;;;
13.518;;;82.0;;;;;;
13.527;;69.4;;;;;;;
13.533;;;;67.3;;;;;
13.542;;;;;;;;;71.0
13.552;68.1;;;;71.2;46.2;;;
13.594;;;;;;;;64.8;
13.597;;;;66.2;;;;;
13.655;;;58.6;;70.7;;;;
13.658;;;;;;;;;64.4
13.664;;;;;;;;65.3;
13.667;;;;;;82.5;;;
13.67;;64.6;;;;;;;
13.673;;;;;;;75.5;;
13.744;;;;;72.2;;;;
13.753;;;;;;;;78.1;
13.762;23.0;;;;;;;;
13.768;;12.1;;67.1;;;;;
13.78;;;;;;;;;72.2
13.792;;;;;73.3;;;;
13.808;;;62.3;;;;;;
13.814;;;;68.1;;;;;
13.826;;;;;73.0;;;;
13.835;;;;;;66.4;;;70.1
13.841;69.4;;;;;;;;
13.923;;;;;;;;64.9;
13.951;;;;67.8;;;;;
13.957;;;;;;;74.7;;
13.981;;;;;81.6;;;;
14.024;;;;;;;;76.8;
14.054;;;;;;83.8;;;
14.067;;;;;;;;76.6;
14.103;;;;;;85.8;;;
